cyl: 
  grasp:  [0.000000, 0.000000, 0.000000, 1.242345, 1.397638, 1.552931, 1.318693, 1.483530, 1.648367, 1.318693, 1.483530, 1.648367, 1.521320, 0.005497, 0.126433, -0.258364, -0.343569, 0.549709, 1.318693, 1.483530, 1.648367, 1.011464, 0.899079] 
  slider: 0
sph: 
  grasp:  [0.000000, 0.000000, 0.000000, 1.303424, 1.466352, 1.629279, 1.303424, 1.466352, 1.629279, 1.257615, 1.414816, 1.572018, 0.797765, 0.057720, 0.002749, -0.343569, 0.000000, 0.879534, 1.303424, 1.466352, 1.629279, 0.857546, 0.762263]
  slider: 1
par: 
  grasp:  [0.000000, 0.000000, 0.000000, 0.662095, 0.744857, 0.827619, 1.089648, 1.225853, 1.362059, 0.860602, 0.968177, 1.075752, 1.150266, 0.000000, 0.000000, -0.294095, -0.156667, 0.516726, 0.936950, 1.054069, 1.171188, 0.637662, 0.566811]
  slider: 2

